Q33-Q41
labels = [
    "Agree strongly", 
    "Agree",
    "Neither agree nor disagree",
    "Disagree",
    "Disagree strongly",
    "Neutral",
]
[[ 0.4224723  -0.12827283]
 [ 1.2995744  -1.1648331 ]
 [ 2.715665   -2.5623915 ]
 [ 2.003154   -1.9326531 ]
 [ 1.8356626  -1.6934417 ]
 [ 2.1341975  -2.0505009 ]]
Scores (1D representation of the vectors):
[0.07336898 0.50721216 1.48867819 1.00799748 0.87617934 1.09711012]
Cosine Similarity Matrix
[[1.0000001  0.90644854 0.89534634 0.8903382  0.90029824 0.89128655]
 [0.90644854 0.99999994 0.9996726  0.9993263  0.9998971  0.9994007 ]
 [0.89534634 0.9996726  1.         0.99993813 0.99993676 0.9999591 ]
 [0.8903382  0.9993263  0.99993813 1.         0.99974984 0.9999978 ]
 [0.90029824 0.9998971  0.99993676 0.99974984 0.99999994 0.9997943 ]
 [0.89128655 0.9994007  0.9999591  0.9999978  0.9997943  0.99999994]]
Euclidean Distance Matrix:
[[0.         1.35785317 3.34419894 2.39882112 2.10875797 2.57390046]
 [1.35785317 0.         1.98959351 1.04142785 0.752873   1.21696472]
 [3.34419894 1.98959351 0.         0.95091665 1.23672068 0.77468485]
 [2.39882112 1.04142785 0.95091665 0.         0.29201961 0.17623985]
 [2.10875797 0.752873   1.23672068 0.29201961 0.         0.4654184 ]
 [2.57390046 1.21696472 0.77468485 0.17623985 0.4654184  0.        ]]
 这个感觉是分成了三种agree, disagree和neutral，但是agree距离neutral最远

Q1-Q6
labels = [
    "Very important", 
    "Rather important", 
    "Not very important", 
    "Not at all important", 
    "Neutral",
]
[[-3.4488058   3.2114105 ]
 [-2.5742645   2.4614997 ]
 [ 1.4180967  -1.1812006 ]
 [ 1.2882632  -1.0881909 ]
 [-0.3976248   0.46196938]]
Scores (1D representation of the vectors):
[3.55214906 2.97014952 0.57554379 0.49247238 1.44550225]
Cosine Similarity Matrix
[[ 0.99999994  0.9999124  -0.9984735  -0.99883074  0.99391824]
 [ 0.9999124   1.0000001  -0.9976549  -0.99810326  0.99528915]
 [-0.9984735  -0.9976549   0.9999999   0.9999762  -0.9863191 ]
 [-0.99883074 -0.99810326  0.9999762   1.         -0.98743254]
 [ 0.99391824  0.99528915 -0.9863191  -0.98743254  1.        ]]
Euclidean Distance Matrix:
[[0.         1.15203679 6.55604839 6.39737463 4.10720491]
 [1.15203679 0.         5.40446234 5.24589634 2.95565271]
 [6.55604839 5.40446234 0.         0.15971078 2.44884706]
 [6.39737463 5.24589634 0.15971078 0.         2.29024363]
 [4.10720491 2.95565271 2.44884706 2.29024363 0.        ]]
这个数据没问题

Q7-Q17
labels = [
    "Important", 
    "Not important",
    "Neutral",
]
[[-1.4121637  1.4038507]
 [ 1.5723269 -1.5385088]
 [ 1.4397681 -1.4601464]]
Scores (1D representation of the vectors):
[2.17518908 0.71264771 0.62908727]
Cosine Similarity Matrix
[[ 1.         -0.9999687  -0.99995023]
 [-0.9999687   1.0000001   0.9998399 ]
 [-0.99995023  0.9998399   1.        ]]
Euclidean Distance Matrix:
[[0.         4.19102192 4.04178095]
 [4.19102192 0.         0.15398863]
 [4.04178095 0.15398863 0.        ]]
原来的问题是mentioned or not mentioned，问题是
Here is a list of qualities that children can be encouraged to learn at home. Which, if any, do you consider to be especially important? Please choose up to five!
感觉这个选项根据语义修改为是否important效果会好一些

Q27-Q32
labels = [
    "Strongly agree", 
    "Agree",
    "Disagree", 
    "Strongly disagree", 
    "Neutral",
]
[[ 0.7310039  -0.54901266]
 [ 0.8125437  -0.68880093]
 [ 1.3654525  -1.2625284 ]
 [ 1.4176159  -1.2333467 ]
 [ 1.5420656  -1.490535  ]]
Scores (1D representation of the vectors):
[0.13502249 0.18102399 0.55671716 0.58151859 0.68813717]
Cosine Similarity Matrix
[[1.         0.99826026 0.99479353 0.9974211  0.9922919 ]
 [0.99826026 1.0000001  0.99907184 0.99991775 0.9978725 ]
 [0.99479353 0.99907184 0.99999994 0.9995424  0.9997546 ]
 [0.9974211  0.99991775 0.9995424  1.         0.99862707]
 [0.9922919  0.9978725  0.9997546  0.99862707 1.0000001 ]]
Euclidean Distance Matrix:
[[0.         0.16183171 0.95479304 0.9694066  1.24269283]
 [0.16183171 0.         0.79678816 0.81402856 1.08396482]
 [0.95479304 0.79678816 0.         0.05977114 0.28840804]
 [0.9694066  0.81402856 0.05977114 0.         0.28571588]
 [1.24269283 1.08396482 0.28840804 0.28571588 0.        ]]
 和Q33-41有相似分布

 Q43-45
 labels = [
    "Good",
    "Don't mind",
    "Bad",
    "Neutral",
]
[[-0.26767832  0.05329922]
 [ 0.6183334  -0.6933477 ]
 [ 1.8177432  -1.8095474 ]
 [ 1.3357272  -1.3819458 ]]
Scores (1D representation of the vectors):
[1.60898989 0.04324436 0.89087489 0.55977988]
Cosine Similarity Matrix
[[ 1.         -0.7985107  -0.83283156 -0.8220143 ]
 [-0.7985107   1.          0.9982371   0.9991952 ]
 [-0.83283156  0.9982371   0.99999994  0.9998144 ]
 [-0.8220143   0.9991952   0.9998144   1.        ]]
Euclidean Distance Matrix:
[[0.         1.15866232 2.79627967 2.15193796]
 [1.15866232 0.         1.63843989 0.9943949 ]
 [2.79627967 1.63843989 0.         0.64434659]
 [2.15193796 0.9943949  0.64434659 0.        ]]
 同样，偏中立的普遍数值偏低

 Q18-Q26
 context = "On this list are various groups of people. Would you like to have them as neighbors?"
labels = [
    "Like",
    "Not like",
    "Neutral",
]
[[ 0.25708833 -0.17364505]
 [ 1.807893   -1.7352252 ]
 [ 2.073836   -2.004598  ]]
Scores (1D representation of the vectors):
[-0.14190383  0.87049922  1.05794033]
Cosine Similarity Matrix
[[1.0000001  0.98544115 0.9848346 ]
 [0.98544115 0.99999994 0.99999374]
 [0.9848346  0.99999374 1.        ]]
Euclidean Distance Matrix:
[[0.         2.20080161 2.57933331]
 [2.20080161 0.         0.37853318]
 [2.57933331 0.37853318 0.        ]]
 On this list (Q18-Q26) are various groups of people. Could you please mention any that you would not like to have as neighbors?
 Please answer Mentioned or Not Mentioned  as labels.
 修改过文字，同样，中立答案偏向两极